Date,Open,High,Low,Close,Adj Close,Volume
2021-10-25,11.770000,11.910000,11.640000,11.690000,11.563321,26400
2021-10-26,11.500000,11.670000,11.370000,11.570000,11.444622,29200
2021-10-27,11.100000,11.340000,11.050000,11.195000,11.073686,27500
2021-10-28,10.990000,11.220000,10.915000,11.100000,10.979715,64400
2021-10-29,10.890000,11.160000,10.880000,11.160000,11.039064,29800
2021-11-01,10.770000,11.160000,10.770000,11.120000,10.999498,25800
2021-11-02,10.870000,10.950000,10.720000,10.910000,10.791774,87500
2021-11-03,10.850000,10.940000,10.500000,10.840000,10.722532,50000
2021-11-04,11.000000,11.330000,11.000000,11.200000,11.078631,44700
2021-11-05,11.160000,11.250000,11.000000,11.010000,10.890691,17500
2021-11-08,11.082000,11.300000,11.060000,11.060000,10.940149,21100
2021-11-09,11.010000,11.380000,11.010000,11.326000,11.203266,48800
2021-11-10,11.040000,11.280000,11.040000,11.070000,10.950040,30900
2021-11-11,11.060000,11.200000,11.000000,11.110000,10.989606,15000
2021-11-12,11.110000,11.390000,11.000000,11.240000,11.118197,12800
2021-11-15,11.340000,11.390000,10.980000,11.000000,10.880798,31700
2021-11-16,11.190000,11.200000,10.890000,11.070000,10.950040,27500
2021-11-17,10.940000,10.950000,10.800000,10.860000,10.742315,17400
2021-11-18,10.942000,10.990000,10.810000,10.877000,10.759131,28300
2021-11-19,11.000000,11.300000,10.940000,11.220000,11.098415,42500
2021-11-22,11.510000,11.785000,11.300000,11.364000,11.240854,33600
2021-11-23,11.640000,11.945000,11.600000,11.860000,11.731479,70600
2021-11-24,11.470000,11.500000,11.150000,11.300000,11.177548,17800
2021-11-26,10.770000,11.430000,10.770000,11.100000,10.979715,11000
2021-11-29,11.070000,11.500000,10.330000,10.982000,10.862994,72600
2021-11-30,11.080000,11.250000,10.600000,11.180000,11.058848,87900
2021-12-01,11.092000,11.300000,10.860000,10.930000,10.811558,47100
2021-12-02,11.124000,11.200000,10.720000,11.010000,10.890691,69000
2021-12-03,11.125000,11.190000,10.880000,11.040000,10.920365,68300
2021-12-06,11.010000,11.370000,11.000000,11.184000,11.062805,35200
2021-12-07,11.310000,11.510000,11.240000,11.390000,11.266573,34800
2021-12-08,11.430000,11.480000,11.030000,11.470000,11.345706,19500
2021-12-09,11.080000,11.160000,10.908000,11.060000,10.940149,60600
2021-12-10,11.130000,11.130000,10.720000,10.968000,10.849146,17100
2021-12-13,11.070000,11.070000,10.950000,10.975000,10.856070,64800
2021-12-14,10.770000,10.850000,10.130000,10.510000,10.396109,94700
2021-12-15,10.660000,10.930000,9.900000,10.875000,10.757154,104300
2021-12-16,11.180000,11.180000,10.680000,10.920000,10.801665,45600
2021-12-17,11.370000,11.420000,11.190000,11.250000,11.128090,32900
2021-12-20,11.420000,11.665000,11.010000,11.630000,11.503972,60100
2021-12-21,11.370000,11.700000,11.370000,11.620000,11.494080,33800
2021-12-22,11.770000,11.950000,11.750000,11.890000,11.761154,55900
2021-12-23,11.960000,11.960000,11.700000,11.720000,11.592997,22000
2021-12-27,11.900000,12.100000,11.570000,11.830000,11.701804,44700
2021-12-28,11.460000,11.880000,11.460000,11.490000,11.365489,54100
2021-12-29,11.650000,11.650000,11.400000,11.560000,11.434731,25800
2021-12-30,11.540000,11.840000,11.510000,11.510000,11.385272,55500
2021-12-31,11.530000,11.818000,11.510000,11.600000,11.474298,69400
2022-01-03,12.390000,12.390000,11.790000,12.176000,12.044055,39300
2022-01-04,12.020000,12.310000,12.020000,12.050000,11.919420,22500
2022-01-05,12.528000,12.560000,12.120000,12.350000,12.216169,24400
2022-01-06,11.680000,13.650000,11.680000,12.250000,12.117253,26700
2022-01-07,12.310000,12.420000,12.150000,12.400000,12.265627,16400
2022-01-10,12.190000,12.190000,11.540000,11.887000,11.758187,54300
2022-01-11,11.570000,11.900000,11.570000,11.775000,11.647400,13400
2022-01-12,11.920000,12.302000,11.920000,12.130000,11.998553,12400
2022-01-13,12.200000,12.300000,12.010000,12.065000,11.934258,20500
2022-01-14,12.010000,12.190000,11.850000,11.950000,11.820504,11500
2022-01-18,12.030000,12.350000,11.920000,12.036000,11.905572,26400
2022-01-19,12.480000,12.480000,11.690000,11.785000,11.657292,14300
2022-01-20,11.740000,12.120000,11.570000,11.570000,11.444622,27800
2022-01-21,11.530000,11.620000,11.380000,11.500000,11.375381,23500
2022-01-24,10.650000,11.420000,10.650000,11.420000,11.296247,135500
2022-01-25,10.560000,10.950000,10.550000,10.850000,10.732425,39200
2022-01-26,10.630000,10.970000,10.300000,10.640000,10.524700,38800
2022-01-27,10.640000,10.750000,10.300000,10.545000,10.430729,37900
2022-01-28,10.240000,10.395000,10.040000,10.150000,10.040009,39300
2022-01-31,10.664000,11.100000,10.480000,11.000000,10.880798,55200
2022-02-01,11.250000,11.250000,10.580000,11.025000,10.905527,25100
2022-02-02,11.300000,11.490000,11.250000,11.395000,11.271519,37200
2022-02-03,11.500000,11.500000,11.176000,11.450000,11.325922,13900
2022-02-04,11.790000,11.790000,11.000000,11.280000,11.157764,14200
2022-02-07,11.200000,11.370000,11.090000,11.370000,11.246789,21600
2022-02-08,11.070000,11.500000,10.880000,11.470000,11.345706,29800
2022-02-09,11.650000,11.650000,11.370000,11.440000,11.316031,30200
2022-02-10,11.500000,11.750000,11.350000,11.510000,11.385272,31200
2022-02-11,11.160000,11.630000,10.800000,10.900000,10.781882,18500
2022-02-14,11.050000,11.440000,10.910000,11.150000,11.029173,17300
2022-02-15,11.380000,11.530000,11.240000,11.410000,11.286356,36100
2022-02-16,11.500000,11.700000,11.350000,11.700000,11.573213,17700
2022-02-17,11.500000,11.530000,11.090000,11.275000,11.152819,16100
2022-02-18,10.780000,11.400000,10.780000,10.900000,10.781882,16500
2022-02-22,10.530000,10.680000,10.460000,10.490000,10.376325,22700
2022-02-23,10.610000,10.610000,10.180000,10.400000,10.287300,27700
2022-02-24,9.420000,10.000000,9.380000,9.810000,9.703694,63700
2022-02-25,9.870000,10.232000,9.870000,9.910000,9.802610,46000
2022-02-28,9.930000,10.417000,9.800000,10.014000,9.905483,48800
2022-03-01,9.935000,10.020000,9.650000,9.650000,9.545427,56600
2022-03-02,9.830000,10.000000,9.740000,9.980000,9.871852,44500
2022-03-03,9.860000,9.860000,9.358000,9.450000,9.347595,42400
2022-03-04,9.080000,9.230000,8.940000,9.000000,8.902472,35500
2022-03-07,8.810000,8.870000,8.550000,8.700000,8.605722,30300
2022-03-08,8.820000,9.170000,8.380000,9.040000,8.942039,65700
2022-03-09,9.300000,9.650000,8.940000,9.575000,9.471240,47400
2022-03-10,8.960000,9.450000,8.960000,9.060000,8.961822,17100
2022-03-11,9.020000,9.790000,9.000000,9.100000,9.001389,42200
2022-03-14,9.510000,9.550000,9.100000,9.100000,9.001389,40600
2022-03-15,9.500000,9.715000,9.390000,9.560000,9.456404,81400
2022-03-16,9.650000,9.900000,9.450000,9.750000,9.644344,47000
2022-03-17,9.230000,10.500000,9.230000,10.280000,10.168601,27100
2022-03-18,9.320000,10.035000,9.320000,9.900000,9.792719,25100
2022-03-21,10.160000,10.160000,9.600000,10.020000,9.911419,40800
2022-03-22,10.140000,10.200000,10.000000,10.100000,9.990552,39400
2022-03-23,10.280000,10.330000,10.100000,10.175000,10.064739,16000
2022-03-24,9.990000,10.400000,9.945000,10.160000,10.049901,34000
2022-03-25,10.260000,10.260000,9.710000,10.135000,10.025172,11200
2022-03-28,10.170000,10.400000,9.960000,10.255000,10.143872,49700
2022-03-29,10.400000,10.670000,10.250000,10.360000,10.247734,37600
2022-03-30,10.750000,10.910000,10.610000,10.610000,10.495025,26700
2022-03-31,9.990000,10.450000,9.990000,10.150000,10.040009,14500
2022-04-01,10.600000,10.685000,10.240000,10.335000,10.223005,21900
2022-04-04,10.300000,10.390000,10.130000,10.330000,10.218060,16000
2022-04-05,10.340000,10.510000,10.160000,10.185000,10.074631,8400
2022-04-06,10.060000,10.300000,10.000000,10.060000,9.950985,9400
2022-04-07,10.210000,10.300000,10.070000,10.220000,10.109251,26100
2022-04-08,10.090000,10.090000,9.900000,9.900000,9.792719,9800
2022-04-11,10.070000,10.210000,9.870000,10.090000,9.980660,22800
2022-04-12,10.000000,10.080000,9.460000,9.750000,9.644344,24500
2022-04-13,9.750000,10.310000,9.750000,9.876000,9.768979,16500
2022-04-14,9.880000,9.970000,9.700000,9.970000,9.861960,47900
2022-04-18,9.000000,10.000000,9.000000,9.350000,9.248679,29000
2022-04-19,8.770000,8.955000,8.660000,8.790000,8.694747,64900
2022-04-20,8.180000,8.180000,7.930000,7.930000,7.844067,96800
2022-04-21,7.610000,7.640000,7.198000,7.200000,7.121977,106200
2022-04-22,7.340000,7.800000,7.150000,7.200000,7.121977,60700
2022-04-25,7.300000,7.610000,7.250000,7.610000,7.527534,44700
2022-04-26,7.342000,7.370000,7.080000,7.140000,7.062627,55500
2022-04-27,7.140000,7.495000,7.000000,7.115000,7.037898,50700
2022-04-28,7.110000,7.325000,6.750000,6.935000,6.859849,28500
2022-04-29,6.670000,6.880000,6.670000,6.730000,6.657071,51200
2022-05-02,6.670000,6.730000,6.400000,6.730000,6.657071,47100
2022-05-03,8.090000,8.090000,6.700000,6.750000,6.676854,35100
2022-05-04,6.790000,7.190000,6.670000,7.190000,7.112086,42100
2022-05-05,6.870000,6.900000,6.520000,6.700000,6.627395,49800
2022-05-06,6.480000,6.580000,6.390000,6.500000,6.429563,31400
2022-05-09,6.560000,6.690000,6.400000,6.470000,6.399888,32200
2022-05-10,6.480000,6.800000,6.360000,6.497000,6.426596,43500
2022-05-11,6.600000,7.000000,6.530000,6.825000,6.751041,24400
2022-05-12,6.460000,6.915000,6.270000,6.412000,6.342516,24700
2022-05-13,6.480000,6.850000,6.400000,6.600000,6.528479,24500
2022-05-16,6.515000,6.710000,6.420000,6.540000,6.469130,12700
2022-05-17,6.910000,7.120000,6.350000,7.120000,7.042844,18900
2022-05-18,6.880000,6.880000,6.350000,6.500000,6.429563,25000
2022-05-19,6.600000,7.050000,6.500000,6.530000,6.459238,21900
2022-05-20,6.760000,6.900000,6.500000,6.660000,6.587829,16300
2022-05-23,6.660000,6.820000,6.650000,6.700000,6.627395,25000
2022-05-24,6.585000,6.640000,6.300000,6.640000,6.568046,27700
2022-05-25,6.020000,6.353000,6.020000,6.270000,6.202055,18800
2022-05-26,6.370000,6.820000,6.320000,6.700000,6.627395,45500
2022-05-27,6.540000,6.730000,6.345000,6.700000,6.627395,41800
2022-05-31,6.390000,6.950000,6.250000,6.270000,6.202055,40400
2022-06-01,6.270000,6.390000,6.180000,6.270000,6.202055,17400
2022-06-02,6.250000,6.570000,6.230000,6.230000,6.162489,14900
2022-06-03,6.120000,6.150000,6.050000,6.100000,6.033897,15900
2022-06-06,6.226000,6.400000,6.060000,6.141000,6.074453,3300
2022-06-07,6.020000,6.350000,6.020000,6.110000,6.043789,35100
2022-06-08,6.020000,6.115000,6.010000,6.035000,5.969602,18000
2022-06-09,5.550000,5.550000,5.400000,5.420000,5.361266,59900
2022-06-10,5.400000,5.400000,5.250000,5.300000,5.242567,22000
2022-06-13,4.960000,5.060000,4.900000,5.000000,4.945817,43000
2022-06-14,5.020000,5.264000,4.940000,5.200000,5.143650,51800
2022-06-15,5.140000,5.346000,4.950000,5.230000,5.173325,18600
2022-06-16,5.230000,5.340000,4.750000,4.930000,4.876576,22400
2022-06-17,4.950000,5.140000,4.900000,4.900000,4.846901,10600
2022-06-21,5.390000,5.390000,4.910000,5.020000,4.965601,30700
2022-06-22,5.090000,5.175000,4.750000,5.000000,4.945817,20600
2022-06-23,5.000000,5.200000,4.950000,5.075000,5.020005,25500
2022-06-24,5.140000,5.295000,5.020000,5.100000,5.044734,60600
2022-06-27,5.180000,5.400000,5.100000,5.100000,5.044734,31600
2022-06-28,5.350000,5.400000,5.150000,5.213000,5.156509,44700
2022-06-29,5.470000,5.470000,5.190000,5.280000,5.222784,24700
2022-06-30,5.370000,5.370000,5.210000,5.260000,5.203001,35500
2022-07-01,5.260000,5.500000,5.040000,5.180000,5.180000,11000
2022-07-05,4.940000,5.380000,4.500000,5.100000,5.100000,16000
2022-07-06,5.155000,5.250000,4.540000,4.610000,4.610000,17400
2022-07-07,5.250000,5.550000,4.610000,4.840000,4.840000,26000
2022-07-08,5.090000,5.500000,4.700000,5.170000,5.170000,5000
2022-07-11,5.170000,5.490000,4.700000,5.490000,5.490000,8900
2022-07-12,4.700000,5.300000,4.700000,4.940000,4.940000,17300
2022-07-13,5.000000,5.300000,4.700000,4.790000,4.790000,7000
2022-07-14,5.020000,5.060000,4.540000,4.900000,4.900000,10600
2022-07-15,4.930000,5.060000,4.510000,4.900000,4.900000,34800
2022-07-18,4.900000,5.300000,4.500000,5.290000,5.290000,7400
2022-07-19,5.400000,5.400000,4.500000,5.400000,5.400000,10100
2022-07-20,5.450000,5.450000,4.550000,5.140000,5.140000,9200
2022-07-21,4.990000,5.170000,4.800000,5.100000,5.100000,13300
2022-07-22,5.090000,5.400000,4.750000,5.400000,5.400000,9200
2022-07-25,5.000000,5.400000,4.750000,5.090000,5.090000,6800
2022-07-26,4.850000,5.120000,4.610000,5.060000,5.060000,20900
2022-07-27,4.610000,4.940000,4.580000,4.750000,4.750000,22900
2022-07-28,4.750000,4.970000,4.685000,4.905000,4.905000,16200
2022-07-29,4.870000,5.040000,4.773000,4.910000,4.910000,9100
2022-08-01,4.880000,5.000000,4.820000,4.945000,4.945000,17300
2022-08-02,4.800000,4.845000,4.605000,4.650000,4.650000,50500
2022-08-03,4.700000,4.910000,4.620000,4.620000,4.620000,11000
2022-08-04,4.900000,4.990000,4.800000,4.990000,4.990000,9900
2022-08-05,4.990000,5.000000,4.800000,4.925000,4.925000,21800
2022-08-08,4.935000,4.940000,4.870000,4.900000,4.900000,7900
2022-08-09,4.880000,5.100000,4.790000,4.950000,4.950000,12500
2022-08-10,4.950000,5.039000,4.750000,4.930000,4.930000,8300
2022-08-11,5.070000,5.240000,4.910000,5.140000,5.140000,14800
2022-08-12,5.180000,5.240000,5.000000,5.240000,5.240000,13500
2022-08-15,5.500000,5.550000,5.010000,5.550000,5.550000,16900
2022-08-16,5.090000,5.200000,4.920000,5.110000,5.110000,16300
2022-08-17,5.000000,5.015000,4.940000,4.975000,4.975000,22500
2022-08-18,4.920000,5.000000,4.800000,4.955000,4.955000,24900
2022-08-19,4.820000,4.980000,4.685000,4.700000,4.700000,13200
2022-08-22,4.590000,4.830000,4.445000,4.480000,4.480000,19100
2022-08-23,4.400000,4.620000,4.305000,4.418000,4.418000,26200
2022-08-24,4.377000,4.690000,4.300000,4.365000,4.365000,11300
2022-08-25,4.350000,4.350000,4.270000,4.300000,4.300000,16800
2022-08-26,4.300000,4.390000,4.300000,4.300000,4.300000,11200
2022-08-29,4.360000,4.560000,4.300000,4.410000,4.410000,12500
2022-08-30,4.410000,4.690000,4.300000,4.325000,4.325000,16200
2022-08-31,4.425000,4.800000,4.300000,4.454000,4.454000,15900
2022-09-01,4.290000,4.490000,4.250000,4.310000,4.310000,15400
2022-09-02,4.300000,4.610000,4.140000,4.190000,4.190000,29200
2022-09-06,4.250000,4.700000,4.050000,4.070000,4.070000,22300
2022-09-07,4.080000,4.490000,3.980000,4.250000,4.250000,18500
2022-09-08,4.250000,4.348000,4.180000,4.325000,4.325000,8500
2022-09-09,4.500000,4.630000,4.410000,4.570000,4.570000,99000
2022-09-12,4.590000,4.590000,4.510000,4.580000,4.580000,27300
2022-09-13,4.580000,4.600000,4.200000,4.200000,4.200000,44600
2022-09-14,4.590000,5.000000,4.493000,4.750000,4.750000,73900
2022-09-15,4.790000,4.840000,4.500000,4.760000,4.760000,35400
2022-09-16,4.720000,4.740000,4.500000,4.650000,4.650000,8100
2022-09-19,4.730000,4.730000,4.560000,4.650000,4.650000,30500
2022-09-20,4.750000,4.950000,4.600000,4.790000,4.790000,49700
2022-09-21,4.580000,4.710000,4.495000,4.500000,4.500000,186500
2022-09-22,4.590000,4.600000,4.500000,4.500000,4.500000,243400
2022-09-23,4.600000,4.690000,4.400000,4.550000,4.550000,43700
2022-09-26,4.780000,5.240000,4.770000,5.140000,5.140000,45000
2022-09-27,5.120000,5.300000,4.840000,4.945000,4.945000,19900
2022-09-28,5.240000,5.440000,5.145000,5.380000,5.380000,39600
2022-09-29,5.040000,5.500000,4.860000,5.140000,5.140000,146900
2022-09-30,5.080000,5.400000,5.000000,5.030000,5.030000,17400
2022-10-03,5.210000,5.670000,5.190000,5.390000,5.390000,23400
2022-10-04,5.660000,5.900000,5.450000,5.900000,5.900000,55500
2022-10-05,5.960000,5.990000,5.650000,5.760000,5.760000,62000
2022-10-06,5.680000,5.690000,5.480000,5.570000,5.570000,17200
2022-10-07,5.730000,5.840000,5.570000,5.800000,5.800000,13600
2022-10-10,6.090000,6.207000,5.800000,5.860000,5.860000,27800
2022-10-11,6.150000,6.170000,5.860000,6.120000,6.120000,17400
2022-10-12,5.890000,5.890000,5.680000,5.750000,5.750000,32600
2022-10-13,5.610000,5.999000,5.510000,5.940000,5.940000,17100
2022-10-14,5.850000,5.850000,5.510000,5.510000,5.510000,17400
2022-10-17,5.940000,6.010000,5.770000,5.950000,5.950000,32900
2022-10-18,6.150000,6.440000,6.000000,6.295000,6.295000,23900
2022-10-19,6.390000,6.390000,5.960000,6.110000,6.110000,13200
2022-10-20,6.030000,6.370000,5.965000,6.220000,6.220000,18400
2022-10-21,6.360000,6.360000,6.000000,6.208000,6.208000,10900